15
17
52
88
95
100
106
107
111
120
124
132
133
134
135
136
137
150
160
166
173
180
226
238
240
244
256
257
262
275
277
281
283
284
289
291
293
295
302
303
304
305
309
311
314
317
332
336
337
338
342
352
357
367
368
369
370
373
376
378
380
382
384
387
389
397
398
401
415
417
425
438
444
446
448
449
452
454
456
458
459
460
461
465
479
486
491
493
496
497
505
508
513
514
522
528
530
536
539
542
543
546
550
559
564
567
568
569
574
576
577
579
583
593
595
596
597
600
609
611
612
616
617
624
632
636
638
656
668
671
678
687
690
693
697
699
703
707
711
725
731
739
740
742
749
753
754
758
764
774
778
781
782
793
794
808
810
812
813
817
822
825
827
829
834
839
841
858
864
867
875
882
890
895
897
902
903
904
905
906
907
908
913
933
942
956
969
979
985
989
990
999
1021
1022
1023
1024
1025
1026
1027
1028
1029
1035
1063
1097
1099
1123
1128
1179
1273
1275
1277
1319
1333
1395
1414
1486
1493
1497
1502
1504
1511
1525
1529
1536
1539
1540
1550
1589
1590
1615
1635
1676
1680
1681
1686
1722
1740
1748
1775
1844
1867
1868
1869
1870
1871
1884
1899
1923
1967
1968
1970
1975
1980
2040
2051
2058
2079
2080
2081
2082
2083
2084
2085
2086
2087
2123
2125
2187
2188
2189
2190
2191
2192
2196
2205
2266
2267
2268
2269
2270
2271
2290
2312
2347
2350
2355
2360
2408
2421
2422
2432
2444
2446
2450
2503
2509
2542
2564
2613
2640
2676
2699
2715
2773
2832
2888
2904
2909
2910
2912
2923
2924
2925
2926
2929
2932
2967
3059
3060
3062
3065
3067
3068
3069
3070
3071
3073
3074
3078
3079
3080
3083
3085
3087
3102
3103
3113
3115
3125
3127
3128
3151
3159
3169
3189
3215
3219
3258
3265
3322
3325
3355
3391
3464
3479
3490
3492
3493
3527
3530
3545
3560
3570
3578
3588
3598
3599
3602
3604
3605
3634
3636
3637
3638
3641
3644
3663
3702
3740
3836
3838
3840
3855
3889
4012
4038
4055
4080
4084
4092
4097
4169
4237
4238
4272
4274
4308
4332
4406
4408
4413
4414
4416
4417
4419
4453
4511
4512
4518
4623
4658
4723
4820
4858
4864
4865
4866
4889
4925
4946
4950
4962
4963
5001
5002
5027
5062
5073
5078
5089
5118
5163
5166
5177
5226
5239
5260
5266
5290
5292
5298
5310
5317
5318
5369
5395
5406
5417
5449
5453
5474
5519
5577
5594
5595
5599
5631
5637
5642
5666
5688
5694
5759
5765
5770
5779
5781
5811
5817
5819
5833
5878
5898
5956
6006
6013
6020
6026
6028
6031
6033
6034
6099
6107
6110
6111
6118
6121
6157
6161
6196
6198
6212
6243
6251
6273
6274
6302
6336
6348
6353
6357
6373
6374
6375
6376
6377
6380
6397
6413
6490
6504
6505
6508
6554
6604
6606
6612
6638
6662
6673
6674
6675
6689
6729
6736
6737
6744
6747
6757
6758
6775
6793
6816
6817
6841
6888
6950
6951
6952
6964
6965
6966
6967
6968
6969
6970
6971
6972
6973
6974
6975
6976
6977
6978
6979
6980
6981
6982
6983
6984
6985
6986
6987
6988
6989
6990
6991
6992
6993
6994
7011
7043
7055
7074
7099
7143
7185
7196
7211
7214
7229
7233
7312
7313
7348
7349
7386
7398
7436
7438
7459
7465
7468
7530
7589
7655
7672
7687
7830
7831
7832
7833
7919
7928
7966
7993
7997
8004
8067
8092
8093
8095
8097
8111
8134
8142
8146
8188
8220
8228
8246
8248
8383
8433
8462
8473
8484
8489
8506
8535
8573
8579
8591
8598
8631
8649
8701
8713
8714
8728
8737
8739
8748
8800
8809
8820
8821
8843
8849
8858
8868
8870
8871
8872
8900
8908
8952
8956
8999
9015
9074
9116
9221
9242
9273
9274
9275
9276
9277
9342
9349
9359
9392
9439
9444
9445
9456
9492
9493
9494
9497
9513
9514
9521
9536
9541
9545
9666
9675
9690
9746
9783
9784
9787
9842
9849
9867
9918
9952
9974
10013
10056
10064
10065
10066
10067
10068
10069
10070
10071
10073
10075
10078
10081
10151
10155
10164
10165
10206
10222
10235
10258
10259
10277
10278
10456
10513
10580
10582
10595
10602
10610
10612
10621
10652
10660
10661
10662
10685
10714
10721
10731
10734
10751
10839
10840
10852
10866
10901
10912
10931
10950
10952
10953
10954
10955
10956
10957
10960
10965
10972
10976
11004
11033
11039
11064
11072
11080
11153
11165
11181
11189
11190
11191
11193
11194
11200
11201
11202
11203
11204
11205
11206
11207
11208
11209
11210
11211
11212
11213
11214
11215
11216
11217
11218
11219
11220
11221
11222
11223
11224
11225
11227
11228
11229
11230
11231
11232
11233
11234
11235
11236
11237
11238
11239
11240
11241
11242
11243
11244
11245
11246
11247
11248
11249
11250
11251
11252
11253
11254
11255
11256
11257
11258
11259
11260
11261
11262
11263
11264
11265
11266
11267
11268
11269
11270
11271
11272
11273
11274
11275
11276
11277
11278
11279
11280
11281
11282
11283
11284
11285
11286
11287
11288
11289
11290
11291
11292
11293
11294
11295
11296
11297
11298
11299
11300
11301
11302
11303
11304
11305
11306
11307
11308
11309
11310
11311
11312
11313
11314
11315
11316
11317
11318
11319
11320
11321
11322
11323
11324
11325
11326
11328
11329
11330
11331
11332
11333
11334
11335
11336
11360
11369
11373
11377
11384
11388
11392
11393
11394
11395
11397
11406
11409
11414
11420
11443
11444
11445
11450
11454
11523
11532
11540
11570
11583
11584
11618
11633
11634
11635
11637
11638
11639
11643
11658
11732
11797
11808
11823
11824
11868
11870
11877
11878
11904
11964
11999
12000
12001
12004
12005
12006
12011
12052
12157
12168
12224
12233
12242
12250
12266
12296
12319
12357
12377
12379
12396
12397
12400
12405
12437
12540
12562
12565
12582
12616
12620
12632
12645
12679
12684
12688
12690
12691
12693
12699
12702
12703
12731
12734
12788
12789
12802
12804
12808
12888
12910
12934
12953
12955
12960
13030
13036
13042
13064
13073
13077
13086
13095
13109
13115
13124
13142
13147
13155
13156
13158
13160
13174
13190
13191
13260
13265
13270
13286
13291
13292
13294
13311
13321
13349
13352
13356
13404
13411
13442
13463
13466
13467
13505
13536
13551
13552
13553
13562
13569
13590
13628
13634
13644
13656
13677
13695
13697
13701
13730
13825
13844
13846
13920
13929
13930
13954
13957
14004
14043
14063
14066
14071
14119
14130
14138
14183
14187
14190
14197
14221
14223
14278
14287
14309
14340
14343
14344
14345
14348
14351
14407
14418
14472
14474
14475
14476
14477
14478
14480
14481
14482
14511
14538
14539
14571
14575
14577
14584
14607
14627
14655
14656
14657
14708
14727
14746
14806
14807
14819
14833
14834
14839
14841
14843
14849
14866
14875
14906
14951
14953
14954
14971
14998
15010
15011
15012
15065
15078
15095
15111
15122
15173
15230
15235
15250
15268
15283
15285
15302
15313
15326
15401
15425
15428
15500
15558
15643
15711
15735
15742
15746
15762
15790
15810
15811
15817
15819
15832
15857
15877
15943
15979
16012
16013
16018
16073
16086
16109
16112
16131
16172
16184
16224
16237
16250
16253
16312
16328
16385
16402
16424
16460
16463
16470
16473
16475
16490
16493
16495
16566
16576
16578
16579
16583
16588
16589
16605
16606
16609
16611
16620
16645
16647
16655
16698
16732
16765
16770
16772
16776
16780
16781
16788
16790
16797
16829
16831
16834
16836
16839
16867
16876
16943
16956
16976
16982
16991
17002
17003
17006
17053
17064
17083
17096
17102
17144
17154
17157
17158
17160
17188
17196
17232
17244
17246
17266
17274
17277
17278
17279
17315
17347
17370
17405
17409
17410
17411
17412
17426
17427
17473
17495
17507
17511
17523
17559
17589
17628
17658
17661
17667
17704
17829
17842
17853
17942
17955
17956
17976
18001
18002
18003
18004
18044
18067
18079
18083
18120
18134
18143
18149
18155
18156
18158
18159
18160
18166
18174
18176
18177
18178
18179
18180
18182
18184
18185
18218
18222
18230
18250
18338
18341
18351
18380
18411
18508
18533
18540
18547
18564
18567
18573
18647
18657
18730
18732
18752
18765
18859
18875
18897
18900
18931
18950
18960
18994
19003
19004
19015
19017
19018
19021
19024
19035
19055
19070
19177
19180
19190
19207
19208
19212
19230
19265
19300
19318
19324
19365
19373
19378
19395
19397
19409
19420
19469
19471
19626
19681
19691
19734
19742
19745
19748
19770
19771
19775
19777
19779
19780
19790
19791
19792
19796
19798
19852
19865
19866
19868
19915
19939
19956
19958
19964
19997
20063
20102
20106
20139
20163
20220
20277
20282
20315
20357
20372
20376
20377
20378
20379
20380
20381
20395
20405
20433
20498
20566
20604
20607
20661
20691
20694
20725
20770
20800
20812
20842
20843
20852
20853
20854
20864
20873
20894
20911
20913
20916
20923
20925
20987
21042
21058
21076
21109
21130
21132
21134
21135
21136
21137
21138
21139
21141
21142
21189
21194
21219
21228
21231
21244
21258
21308
21352
21353
21378
21385
21386
21433
21441
21446
21476
21490
21518
21520
21526
21543
21547
21574
21578
21579
21580
21581
21582
21585
21588
21600
21615
21679
21680
21681
21682
21683
21708
21723
21729
21793
21806
21807
21808
21809
21810
21814
21815
21816
21817
21818
21819
21821
21834
21889
21897
21898
21899
21901
21902
21904
21905
21907
21908
21910
21912
21914
21915
21917
21918
21919
21920
21921
21923
21926
21927
21929
21931
21934
21935
21937
21938
21939
21941
21942
21943
21944
21945
21946
21947
21948
21949
21950
21951
21952
21953
21954
21955
21956
21957
21958
21959
21960
21961
21962
21963
21964
21965
21966
21967
21968
21969
21971
21973
22033
22124
22133
22158
22221
22240
22268
22373
22377
22396
22407
22413
22414
22435
22437
22441
22512
22543
22575
22620
22754
22759
22765
22771
22779
22820
22847
22873
22921
22922
22925
22942
22944
22991
23003
23011
23016
23017
23021
23024
23045
23063
23065
23093
23135
23138
23141
23151
23168
23169
23176
23197
23242
23256
23260
23277
23295
23302
23304
23305
23328
23329
23333
23335
23337
23343
23348
23371
23391
23398
23417
23445
23461
23495
23506
23554
23555
23564
23565
23566
23567
23568
23580
23582
23584
23585
23586
23588
23589
23590
23591
23593
23594
23595
23598
23603
23604
23605
23654
23694
23696
23715
23717
23718
23719
23720
23721
23725
23726
23728
23729
23730
23731
23732
23733
23737
23739
23741
23742
23743
23744
23745
23746
23747
23748
23749
23750
23752
23753
23754
23755
23756
23757
23759
23760
23761
23763
23764
23765
23766
23767
23768
23769
23771
23774
23775
23776
23778
23779
23781
23782
23784
23787
23790
23792
23793
23795
23796
23797
23798
23802
23803
23804
23805
23808
23809
23810
23812
23814
23815
23816
23817
23819
23820
23821
23822
23823
23824
23825
23826
23828
23829
23830
23831
23832
23833
23834
23835
23836
23838
23839
23840
23842
23846
23848
23849
23851
23852
23853
23854
23855
23856
23857
23858
23859
23860
23861
23866
23867
23868
23869
23870
23871
23872
23873
23874
23875
23876
23881
23882
23883
23884
23885
23888
23890
23892
23893
23897
23898
23899
23900
23901
23902
23904
23905
23906
23907
23908
23909
23910
23911
23914
23922
23924
23925
23926
23932
23934
23935
23937
23939
23940
23941
23943
23944
23945
23946
23947
23948
23949
23950
23951
23952
23953
23954
23957
23959
23960
23961
23962
23963
23964
23966
23967
23969
23970
23974
23975
23978
23982
23983
23984
23985
23987
23988
23989
23990
23991
23992
23993
23994
23995
23996
23997
23999
24000
24001
24002
24004
24005
24007
24008
24009
24010
24011
24014
24015
24018
24022
24023
24025
24027
24028
24029
24030
24031
24032
24034
24037
24038
24039
24040
24042
24043
24046
24047
24050
24051
24052
24054
24055
24056
24057
24058
24059
24061
24062
24065
24066
24068
24070
24071
24073
24074
24075
24077
24079
24080
24081
24082
24083
24084
24085
24086
24087
24088
24089
24090
24093
24094
24096
24097
24098
24099
24100
24101
24102
24103
24104
24107
24108
24110
24112
24114
24115
24116
24117
24118
24120
24121
24122
24123
24124
24125
24127
24128
24129
24132
24134
24135
24137
24139
24141
24142
24143
24144
24145
24146
24148
24149
24150
24151
24153
24154
24155
24157
24159
24160
24161
24162
24163
24164
24165
24169
24170
24172
24173
24174
24175
24176
24177
24179
24181
24182
24184
24186
24187
24188
24189
24191
24192
24193
24194
24195
24197
24198
24200
24201
24202
24203
24206
24207
24210
24211
24212
24213
24214
24215
24216
24217
24218
24221
24222
24223
24224
24225
24226
24228
24229
24231
24233
24234
24235
24236
24237
24239
24241
24242
24243
24244
24245
24247
24248
24250
24251
24252
24253
24256
24258
24259
24263
24264
24265
24267
24269
24270
24272
24274
24276
24277
24279
24280
24282
24285
24287
24288
24289
24290
24291
24292
24294
24296
24297
24299
24300
24302
24304
24305
24307
24309
24310
24311
24312
24313
24314
24315
24318
24319
24320
24325
24326
24327
24329
24332
24333
24334
24335
24336
24337
24338
24341
24342
24344
24345
24346
24348
24349
24352
24353
24355
24358
24359
24362
24364
24365
24366
24367
24369
24371
24372
24373
24374
24375
24376
24377
24378
24380
24381
24383
24384
24385
24386
24389
24390
24391
24394
24395
24397
24398
24400
24401
24403
24404
24406
24407
24408
24409
24410
24411
24412
24413
24415
24417
24418
24419
24420
24421
24422
24423
24425
24426
24427
24429
24430
24431
24433
24434
24437
24438
24439
24440
24441
24442
24444
24446
24448
24449
24450
24451
24452
24454
24456
24459
24460
24461
24464
24467
24469
24470
24473
24475
24476
24477
24478
24479
24484
24487
24489
24493
24494
24495
24496
24497
24498
24499
24500
24501
24502
24503
24506
24507
24508
24510
24511
24512
24514
24515
24516
24517
24518
24519
24520
24521
24522
24523
24524
24525
24526
24527
24528
24529
24530
24531
24532
24533
24534
24535
24536
24537
24538
24539
24540
24541
24543
24544
24545
24546
24547
24548
24549
24550
24551
24552
24553
24554
24555
24557
24559
24560
24561
24562
24563
24564
24565
24566
24567
24568
24569
24570
24571
24572
24573
24574
24575
24576
24577
24578
24579
24580
24581
24582
24583
24584
24585
24586
24588
24589
24590
24591
24592
24593
24594
24595
24596
24597
24598
24599
24600
24601
24602
24604
24605
24606
24607
24608
24609
24610
24683
24688
24723
24730
24743
24793
24794
24816
24877
24878
24879
24880
24881
24882
24924
24929
24931
24939
24940
24941
24942
24949
24963
24964
24968
25037
25048
25049
25050
25051
25052
25053
25071
25117
25118
25120
25146
25149
25164
25165
25177
25194
25223
25232
25244
25288
25345
25347
25362
25412
25450
25479
25486
25499
25558
25591
25592
25594
25598
25604
25618
25720
25723
25765
25775
25778
25782
25810
25824
25825
25877
25879
25881
25882
25900
25937
25997
25998
26012
26027
26028
26040
26044
26057
26059
26069
26102
26128
26170
26171
26211
26237
26240
26253
26254
26269
26280
26285
26368
26424
26563
26596
26611
26648
26649
26663
26693
26697
26720
26722
26746
26783
26785
26809
26917
26923
26924
26938
26939
26962
26998
27026
27048
27050
27051
27064
27103
27104
27143
27144
27161
27165
27204
27216
27234
27255
27294
27298
27320
27321
27330
27334
27337
27387
27388
27389
27411
27413
27414
27415
27416
27417
27440
27441
27442
27443
27444
27466
27467
27477
27492
27495
27498
27516
27520
27539
27568
27571
27578
27609
27612
27618
27620
27645
27650
27653
27673
27702
27718
27730
27732
27733
27734
27770
27800
27814
27818
27820
27821
27822
27836
27871
27886
27896
27897
27899
27900
27907
27999
28049
28088
28170
28171
28206
28215
28239
28240
28242
28244
28245
28247
28248
28249
28251
28256
28258
28259
28260
28262
28264
28268
28269
28324
28350
28354
28359
28406
28442
28448
28449
28469
28495
28552
28557
28558
28560
28582
28583
28584
28631
28632
28713
28714
28715
28740
28763
28795
28811
28819
28826
28849
28857
28866
28867
28868
28930
28939
28967
28987
29038
29069
29075
29110
29138
29170
29177
29184
29195
29210
29212
29213
29215
29216
29217
29219
29240
29245
29271
29287
29312
29314
29378
29381
29385
29386
29387
29388
29389
29393
29403
29428
29429
29430
29431
29432
29436
29443
29465
29470
29493
29499
29500
29515
29516
29549
29550
29551
29552
29553
29554
29555
29556
29557
29558
29562
29565
29588
29612
29633
29635
29636
29669
29670
29697
29698
29700
29708
29723
29743
29745
29772
29783
29793
29804
29805
29806
29807
29808
29820
29826
29837
29850
29907
29926
29927
29944
29954
29962
29972
30001
30027
30079
30080
30082
30083
30084
30085
30086
30087
30088
30093
30105
30109
30116
30122
30147
30218
30225
30233
30239
30249
30258
30288
30309
30319
30338
30355
30358
30360
30383
30403
30443
30446
30486
30488
30506
30529
30551
30580
30625
30652
30655
30680
30683
30693
30694
30696
30697
30723
30728
30732
30739
30745
30767
30768
30770
30771
30778
30809
30831
30858
30865
30900
30906
30907
30915
30918
30920
30955
30964
30977
30986
31001
31002
31016
31056
31081
31110
31148
31162
31164
31246
31248
31253
31256
31257
31263
31274
31275
31283
31298
31348
31349
31397
31398
31419
31452
31477
31478
31485
31489
31503
31510
31585
31599
31611
31641
31646
31647
31683
31687
31689
31796
31801
31802
31811
31831
31838
31841
31859
31875
31883
31891
31892
31912
31914
31916
31926
31947
31956
31970
31986
32021
32052
32053
32079
32087
32092
32107
32117
32118
32119
32120
32121
32127
32129
32158
32207
32208
32209
32210
32255
32285
32289
32301
32307
32322
32345
32346
32347
32348
32447
32494
32504
32515
32516
32575
32580
32585
32616
32682
32696
32791
32799
32886
32887
32892
32925
32997
33089
33105
33155
33376
33541
33609
33651
33752
33832
33842
33850
33876
33901
33916
34085
34174
34225
34234
34343
34344
34348
34368
34473
34481
35099
35363
35365
35383
35405
35421
35441
35449
35465
35469
35492
35493
35502
35520
35538
35569
35573
35574
35575
35576
35578
35580
35581
35582
35583
35584
35585
35586
35587
35589
35590
35591
35592
35601
35628
35629
35652
35664
35665
35677
35702
35716
35760
35792
35852
35872
35876
35878
35890
35898
36006
36007
36047
36055
36060
36066
36073
36115
36126
36209
36296
36297
36307
36315
36320
36342
36381
36412
36427
36429
36445
36471
36483
36489
36494
36555
36556
36557
36558
36559
36560
36565
36575
36577
36599
36711
36753
36767
36768
36769
36785
36808
36810
36824
36830
36848
36849
36850
36911
36918
36922
36923
36924
36925
36926
36927
36928
36929
36930
36931
36932
36938
36959
36962
36992
37011
37068
37069
37070
37071
37072
37073
37074
37075
37076
37077
37078
37079
37084
37149
37193
37197
37199
37204
37263
37280
37372
37373
37374
37375
37410
37419
37438
37443
37569
37573
37588
37589
37590
37591
37592
37709
37720
37721
37725
37732
37745
37759
37770
37783
37788
37789
37793
37830
37857
37881
37882
37886
37889
37910
37918
37974
37996
37997
37998
37999
38000
38001
38002
38003
38004
38005
38006
38007
38008
38009
38010
38015
38016
38021
38023
38024
38026
38027
38028
38032
38036
38037
38041
38042
38044
38045
38070
38071
38121
38130
38133
38137
38145
38146
38189
38209
38220
38243
38247
38262
38267
38280
38282
38290
38329
38336
38376
38393
38394
38395
38397
38413
38425
38434
38436
38444
38446
38448
38450
38466
38473
38474
38487
38488
38489
38516
38535
38558
38591
38592
38631
38648
38691
38720
38767
38777
38828
38829
38859
38863
38864
38870
38872
38875
38881
38893
38897
38899
38916
38933
38938
38966
38974
38995
39000
39076
39081
39082
39083
39084
39085
39086
39087
39089
39091
39112
39115
39144
39155
39163
39176
39184
39198
39224
39240
39245
39268
39269
39270
39271
39273
39317
39335
39360
39370
39383
39393
39398
39445
39462
39467
39469
39511
39549
39552
39595
39609
39633
39637
39681
39682
39693
39714
39802
39818
39844
39887
39889
39896
39906
39918
39934
39940
39985
39989
40054
40080
40123
40126
40165
40189
40204
40238
40258
40284
40289
40290
40298
40312
40366
40375
40376
40415
40433
40525
40554
40577
40616
40685
40711
40748
40776
40778
40781
40784
40785
40803
40811
40812
40814
40819
40820
40822
40823
40825
40828
40844
40874
40950
40963
40964
40975
40976
40977
40979
40980
40996
40997
41030
41031
41047
41059
41070
41076
41077
41078
41079
41080
41091
41092
41094
41095
41104
41163
41250
41334
41347
41355
41370
41451
41472
41492
41549
41553
41571
41575
41583
41592
41638
41651
41715
41718
41747
41789
41791
41792
41793
41796
41797
41798
41799
41801
41804
41821
41824
41825
41957
41958
41959
41964
41965
41966
41967
41979
41981
41982
41984
41986
41987
41989
41991
41992
41993
41995
41996
41998
42000
42001
42002
42004
42006
42009
42011
42017
42020
42021
42022
42063
42099
42101
42104
42122
42190
42227
42250
42281
42390
42438
42449
42463
42467
42487
42489
42556
42562
42567
42568
42569
42570
42571
42611
42616
42619
42650
42708
42763
42764
42765
42766
42767
42768
42844
42887
42892
42932
42989
42990
43001
43038
43044
43045
43145
43159
43167
43175
43176
43177
43178
43179
43180
43181
43182
43184
43185
43186
43187
43195
43277
43286
43299
43300
43328
43339
43351
43352
43353
43425
43449
43473
43492
43518
43525
43527
43531
43543
43562
43613
43651
43658
43659
43687
43688
43710
43712
43715
43754
43780
43825
43826
43876
43885
43891
43904
43922
43924
43925
43934
43935
43990
44031
44032
44033
44203
44233
44234
44280
44333
44351
44352
44367
44381
44475
44481
44537
44548
44563
44697
44722
44735
44751
44759
44811
44820
44831
44858
44859
44860
44862
44863
44875
44913
44914
44915
44932
44967
44980
44992
44993
45022
45023
45064
45065
45143
45184
45188
45203
45205
45206
45207
45208
45211
45213
45214
45220
45223
45330
45331
45333
45334
45335
45337
45340
45368
45400
45459
45487
45498
45514
45525
45616
45623
45627
45637
45652
45677
45688
45692
45707
45735
45736
45773
45813
45861
45875
45881
45930
45935
45946
45951
45953
45958
45991
45992
45994
46006
46076
46111
46113
46135
46156
46197
46223
46226
46289
46290
46305
46339
46382
46387
46421
46433
46446
46451
46457
46458
46487
46521
46523
46524
46527
46531
46562
46588
46676
46686
46687
46781
46873
46924
46950
47181
47318
47378
47417
47419
47421
47422
47425
47429
47434
47435
47436
47482
47521
47629
47668
47674
47682
47832
47852
47869
47998
48009
48041
48058
48248
48260
48263
48348
48384
48386
48412
48439
48446
48457
48511
48525
48526
48530
48546
48547
48548
48550
48600
48608
48625
48677
48688
48692
48701
48710
48745
48753
48792
48829
48855
48859
48871
48904
48905
48906
48907
48908
48909
48910
48911
48912
48913
48914
48915
48916
48917
48918
49076
49100
49101
49135
49139
49179
49186
49248
49254
49288
49319
49325
49334
49336
49376
49380
49382
49383
49389
49390
49393
49396
49423
49430
49434
49437
49464
49513
49562
49577
49613
49660
49662
49690
49737
49746
49801
49828
49829
49830
49847
49900
49924
49980
50030
50059
50117
50430
50515
50577
50596
50627
50630
50636
50661
50676
50684
50703
50707
50708
50715
50734
50740
50743
50747
50824
50825
50827
50860
50863
50890
50893
50894
50931
50941
50952
50977
50983
50984
51014
51040
51041
51042
51043
51062
51069
51084
51085
51090
51120
51144
51151
51153
51189
51223
51227
51256
51257
51259
51267
51327
51369
51372
51410
51451
51460
51474
51481
51512
51525
51526
51541
51561
51597
51609
51615
51647
51650
51652
51656
51657
51738
51739
51740
51808
51821
51826
51877
51884
51935
51944
51965
51967
51972
51977
51979
51980
51982
51991
51993
52005
52020
52050
52063
52070
52077
52135
52137
52157
52189
52200
52278
52282
52299
52314
52317
52322
52323
52330
52352
52353
52356
52378
52410
52424
52501
52539
52577
52596
52619
52629
52662
52681
52687
52710
52727
52764
52807
52837
52862
52893
52897
52930
52941
