15
17
52
88
95
100
106
107
111
120
124
132
133
134
135
136
137
150
160
166
173
180
226
238
240
244
256
257
262
275
277
281
283
284
289
291
293
295
302
303
304
305
309
311
314
317
332
336
337
338
342
352
357
367
368
369
370
373
376
378
380
382
384
387
389
397
398
401
415
417
425
438
444
446
448
449
452
454
456
458
459
460
461
465
479
486
491
493
496
497
505
508
513
514
522
528
530
536
539
542
543
546
550
559
564
567
568
569
574
576
577
579
583
593
595
596
597
600
609
611
612
616
617
624
632
636
638
656
668
671
678
687
690
693
697
699
703
707
711
725
731
739
740
742
749
753
754
758
764
774
778
781
782
793
794
808
810
812
813
817
822
825
827
829
834
839
841
858
864
867
875
882
890
895
897
902
903
904
905
906
907
908
913
933
942
956
969
979
985
989
990
999
1021
1022
1023
1024
1025
1026
1027
1028
1029
1035
1063
1097
1099
1123
1128
1179
1273
1275
1277
1319
1333
1395
1414
1486
1493
1497
1502
1504
1511
1525
1529
1536
1539
1540
1550
1589
1590
1615
1635
1676
1680
1681
1686
1722
1740
1748
1775
1844
1867
1868
1869
1870
1871
1884
1899
1923
1967
1968
1970
1975
1980
2040
2051
2058
2079
2080
2081
2082
2083
2084
2085
2086
2087
2123
2125
2187
2188
2189
2190
2191
2192
2196
2205
2266
2267
2268
2269
2270
2271
2290
2312
2347
2350
2355
2360
2408
2421
2422
2432
2444
2446
2450
2503
2509
2542
2564
2613
2640
2676
2699
2715
2773
2832
2888
2904
2909
2910
2912
2923
2924
2925
2926
2929
2932
2967
3059
3060
3062
3065
3067
3068
3069
3070
3071
3073
3074
3078
3079
3080
3083
3085
3087
3102
3103
3113
3115
3125
3127
3128
3151
3159
3169
3189
3215
3219
3258
3265
3322
3325
3355
3391
3464
3479
3490
3492
3493
3527
3530
3545
3560
3570
3578
3588
3598
3599
3602
3604
3605
3634
3636
3637
3638
3641
3644
3663
3702
3740
3836
3838
3840
3855
3889
4012
4038
4055
4080
4084
4092
4097
4169
4237
4238
4272
4274
4308
4332
4406
4408
4413
4414
4416
4417
4419
4453
4511
4512
4518
4623
4658
4723
4820
4858
4864
4865
4866
4889
4925
4946
4950
4962
4963
5001
5002
5027
5062
5073
5078
5089
5118
5163
5166
5177
5226
5239
5260
5266
5290
5292
5298
5310
5317
5318
5369
5395
5406
5417
5449
5453
5474
5519
5577
5594
5595
5599
5631
5637
5642
5666
5688
5694
5759
5765
5770
5779
5781
5811
5817
5819
5833
5878
5898
5956
6006
6013
6020
6026
6028
6031
6033
6034
6099
6107
6110
6111
6118
6121
6157
6161
6196
6198
6212
6243
6251
6273
6274
6302
6336
6348
6353
6357
6373
6374
6375
6376
6377
6380
6397
6413
6490
6504
6505
6508
6554
6604
6606
6612
6638
6662
6673
6674
6675
6689
6729
6736
6737
6744
6747
6757
6758
6775
6793
6816
6817
6841
6888
6950
6951
6952
6964
6965
6966
6967
6968
6969
6970
6971
6972
6973
6974
6975
6976
6977
6978
6979
6980
6981
6982
6983
6984
6985
6986
6987
6988
6989
6990
6991
6992
6993
6994
7011
7043
7055
7074
7099
7143
7185
7196
7211
7214
7229
7233
7312
7313
7348
7349
7386
7398
7436
7438
7459
7465
7468
